9.407
9.329
9.307
9.246
9.242
9.226
9.202
9.183
9.175
9.173
9.165
9.159
9.109
9.086
9.077
9.075
9.072
9.062
9.061
9.047
9.046
9.045
9.040
9.030
9.018
9.000
8.991
8.987
8.952
8.949
8.949
8.944
8.943
8.943
8.941
8.940
8.939
8.938
8.936
8.931
8.929
8.925
8.919
8.914
8.908
8.908
8.899
8.894
8.891
8.891
8.889
8.885
8.884
8.884
8.883
8.882
8.879
8.878
8.873
8.868
8.864
8.862
8.861
8.860
8.858
8.858
8.854
8.853
8.853
8.848
8.846
8.836
8.836
8.833
8.832
8.827
8.827
8.824
8.820
8.820
8.817
8.816
8.814
8.813
8.812
8.809
8.809
8.806
8.803
8.802
8.800
8.800
8.798
8.794
8.792
8.782
8.781
8.777
8.776
8.775
8.775
8.771
8.769
8.763
8.762
8.758
8.756
8.753
8.752
8.751
8.750
8.750
8.747
8.742
8.741
8.738
8.737
8.737
8.736
8.733
8.732
8.732
8.730
8.726
8.725
8.724
8.724
8.721
8.720
8.720
8.720
8.718
8.716
8.714
8.714
8.713
8.712
8.711
8.711
8.711
8.711
8.710
8.709
8.708
8.708
8.708
8.705
8.702
8.702
8.701
8.698
8.697
8.697
8.696
8.696
8.696
8.695
8.695
8.694
8.694
8.691
8.689
8.689
8.686
8.685
8.684
8.683
8.683
8.682
8.682
8.682
8.681
8.680
8.679
8.679
8.678
8.676
8.676
8.675
8.674
8.673
8.673
8.672
8.671
8.670
8.668
8.667
8.666
8.665
8.661
8.658
8.657
8.657
8.656
8.655
8.653
8.653
8.653
8.653
8.652
8.652
8.650
8.649
8.649
8.649
8.649
8.648
8.646
8.644
8.641
8.640
8.639
8.638
8.638
8.637
8.637
8.636
8.635
8.635
8.634
8.632
8.631
8.631
8.630
8.630
8.628
8.627
8.627
8.627
8.626
8.626
8.625
8.625
8.624
8.623
8.623
8.621
8.621
8.620
8.619
8.618
8.617
8.616
8.616
8.616
8.615
8.614
8.613
8.612
8.610
