8.303
8.303
8.303
8.302
8.302
8.301
8.301
8.301
8.300
8.300
8.300
8.300
8.299
8.299
8.299
8.298
8.298
8.297
8.297
8.296
8.296
8.296
8.295
8.295
8.294
8.294
8.294
8.294
8.294
8.293
8.293
8.293
8.293
8.293
8.293
8.292
8.291
8.291
8.291
8.291
8.291
8.291
8.290
8.289
8.289
8.288
8.288
8.288
8.287
8.287
8.287
8.287
8.286
8.286
8.285
8.285
8.285
8.284
8.283
8.283
8.283
8.283
8.282
8.282
8.282
8.282
8.282
8.281
8.280
8.280
8.280
8.280
8.279
8.279
8.278
8.278
8.277
8.277
8.276
8.276
8.276
8.276
8.275
8.275
8.274
8.274
8.274
8.272
8.272
8.272
8.271
8.271
8.270
8.270
8.270
8.270
8.270
8.270
8.270
8.270
8.269
8.269
8.268
8.267
8.267
8.266
8.266
8.266
8.266
8.265
8.265
8.264
8.264
8.264
8.264
8.264
8.263
8.263
8.262
8.262
8.262
8.262
8.261
8.261
8.261
8.261
8.260
8.260
8.259
8.258
8.258
8.258
8.258
8.257
8.257
8.256
8.255
8.255
8.255
8.254
8.254
8.254
8.253
8.253
8.253
8.253
8.253
8.252
8.252
8.252
7.804
7.804
7.804
7.804
7.804
7.804
7.804
7.804
7.804
7.803
7.803
7.803
7.803
7.803
7.803
7.803
7.803
7.803
7.803
7.803
7.803
7.803
7.803
7.803
7.803
7.802
7.802
7.802
7.802
7.802
7.802
7.802
7.802
7.802
7.802
7.802
7.802
7.802
7.802
7.801
7.801
7.801
7.801
7.801
7.801
7.800
7.800
7.800
7.800
7.800
7.398
7.398
7.398
7.398
7.398
7.398
7.398
7.398
7.398
7.397
7.397
7.397
7.397
7.397
7.397
7.397
7.397
7.397
7.397
7.397
7.397
7.397
7.397
7.397
7.397
7.397
7.397
7.397
7.397
7.397
7.397
7.397
7.396
7.396
7.396
7.396
7.396
7.396
7.396
7.396
7.396
7.396
7.396
7.396
7.396
7.396
7.396
7.396
7.396
7.396
7.077
7.077
7.077
7.077
7.077
7.077
7.077
7.077
7.077
7.077
7.077
7.077
7.077
7.077
7.077
7.077
7.077
7.077
7.076
7.076
7.076
7.076
7.076
7.076
7.076
7.076
7.076
7.076
7.076
7.076
7.076
7.076
7.076
7.076
7.076
7.076
7.076
7.076
7.076
7.076
7.076
7.076
7.076
7.076
7.075
7.075
7.075
7.075
7.075
7.075
